1844
1092
1309
12
327
2627
1840
2895
1924
1839
1274
1347
507
2026
1516
1185
2800
2533
1718
1789
513
2746
2944
746
82
1330
879
2731
358
977
747
1304
552
973
2081
1570
1547
2455
81
938
2957
1312
834
2269
253
2424
2556
1249
253
2643
2057
14
2330
1103
966
2752
2920
673
448
1836
26
1733
271
377
2525
202
997
2894
1695
2215
2348
2161
1269
2444
1574
478
2417
1205
327
243
271
1500
863
2542
1249
1070
722
2387
1457
1360
662
553
471
2996
2323
837
2216
610
2634
1952
2590
1267
1367
2869
2704
1219
1681
1942
2895
778
1320
1379
711
114
2673
2978
1366
253
2117
1478
1382
1849
1730
1712
2107
1088
741
353
68
2514
2818
2859
2375
347
2112
705
1797
235
954
1736
1849
1836
2335
309
996
1314
2066
2839
1754
242
1470
2640
944
708
1163
2469
198
2018
2785
933
2138
587
1706
869
2421
2568
1635
743
2405
170
2169
1300
2794
2925
439
2723
1653
2925
1932
1687
1367
2814
302
2670
1102
1874
883
2352
108
1099
2818
2583
430
2813
124
1477
1395
2603
1183
1442
413
290
2210
2505
625
2447
8
2186
2439
1480
2538
1851
2237
1854
2361
2248
289
884
2038
1996
1713
1954
418
401
1437
1056
381
365
1760
104
138
2848
1304
1266
2670
22
840
389
633
950
983
1854
1055
2689
2629
19
1190
1217
797
1364
322
44
320
2703
1681
1997
1596
1329
1713
1698
1889
1055
1615
994
444
2660
672
2601
1499
338
2395
2230
559
1844
1051
2732
920
100
882
2514
1250
2247
64
119
1014
1342
1017
1106
2527
1246
2655
494
2652
365
1586
2582
1135
2125
1882
142
2277
1436
1721
2957
1554
2465
1275
2387
1109
1381
2262
250
1732
2448
605
2668
2242
955
666
2481
1766
1319
577
2753
244
349
1624
340
1457
2043
583
2838
370
2596
1447
1596
97
1365
991
1030
96
463
2872
761
425
149
1417
1936
367
867
1052
2405
1723
2776
2954
1421
2636
1627
702
2395
2823
63
733
349
1631
44
1837
297
2825
2249
376
2394
2517
1842
448
2967
2698
896
1007
947
2729
2532
1439
412
1564
2494
108
2074
1080
201
2674
1207
155
1686
2527
30
876
2974
1017
2297
2722
2987
2892
146
1087
1889
1732
1839
1794
200
1374
1958
2018
363
2622
1721
2728
708
199
984
2025
1239
2488
1906
1047
966
1164
901
1608
1053
1005
2009
184
2520
2061
756
336
2380
1039
2702
1708
595
1839
1922
173
1285
1204
2331
978
576
2924
2046
2691
2738
1225
1758
2517
170
199
2871
106
962
1211
1185
1875
2120
2886
2759
2981
861
2455
1261
2174
2805
1356
1712
1392
2292
2390
2752
209
382
882
1004
108
1879
1032
2598
116
2764
2803
2000
2226
1217
1750
2622
2110
2762
2287
1617
1380
614
1
1781
473
2095
2049
415
1417
1890
284
1318
2144
2964
738
1933
2831
705
1270
360
2077
927
2963
691
226
2858
1955
2407
1601
489
787
1999
320
2462
147
1118
2841
2717
2865
497
1879
2148
1882
2363
1218
2109
778
261
2457
2905
1382
577
756
2468
523
714
2903
1054
2693
269
1213
1012
1090
2986
2565
1106
2295
1803
1647
1319
134
130
1356
2070
2265
523
1450
431
953
336
1851
844
966
443
2283
1696
2753
631
1125
2094
1883
2979
706
2586
1136
2110
816
2207
1308
1573
1264
2423
1831
7
2155
1096
2734
1628
2507
2670
793
2825
2521
219
924
794
2889
2926
2185
2794
1697
949
2649
1403
75
2463
927
2115
565
2022
2639
2512
1898
2297
110
740
1860
1664
87
2554
2771
2778
2629
2873
2969
1119
2061
1564
2867
1424
2383
1390
2571
2783
1269
2459
2547
1884
2749
351
326
1649
541
2608
194
1445
686
434
414
1621
993
1933
1315
2860
2145
485
286
2869
1803
1380
1035
2108
16
830
2736
2146
846
691
2998
1285
1655
1219
2268
773
2862
1529
1744
456
1060
2032
192
1262
1238
2549
1764
937
1954
1836
365
1616
955
2975
444
1781
544
1368
2669
2956
137
57
2144
2734
2796
2731
980
602
211
475
1249
1725
1568
1600
2605
94
2873
2005
959
2379
1284
1197
2113
344
760
1649
2100
2394
1751
2714
1834
338
2464
1382
1208
1514
47
1196
2544
627
1297
489
331
1982
1424
2411
1239
2713
1143
1917
1181
2172
2435
2498
1633
958
1234
1386
1769
1594
2802
1365
2549
2228
1414
2601
366
2197
881
2789
589
2367
2042
201
200
2063
971
2282
2699
2741
2756
796
1503
2732
2140
1573
1643
1472
562
232
786
556
2778
1746
1249
2385
828
962
346
700
1932
90
2344
1783
1611
2190
196
204
1758
2256
2071
2600
2680
653
2393
756
163
253
2834
2885
2839
2568
2226
145
2707
963
2318
1505
1986
819
2106
172
52
2443
1961
1022
2433
909
2867
1814
886
1566
1502
1961
582
168
1748
161
1601
63
2550
1748
2688
2702
1774
1849
2943
1907
742
2118
704
1492
2491
2185
1761
2187
2592
1329
501
469
2773
2984
2480
2384
363
348
1900
1779
2216
1354
134
1487
2226
822
471
930
343
129
1861
456
892
417
2735
2120
631
1427
1341
807
871
2780
1375
1428
70
50
658
918
1836
721
854
465
1643
1028
1534
782
2146
2419
2034
16
1280
224
156
906
246
797
1513
1433
2443
520
2506
2708
432
446
2458
402
156
2536
1419
1642
1989
321
262
2926
340
1771
568
2340
2309
925
506
239
2487
1193
1050
464
1900
942
119
2372
841
466
1568
2811
823
962
1652
2492
987
243
1871
1773
1453
2826
731
2115
1908
2813
246
1460
1690
2733
1292
2544
2683
1516
1535
876
2746
488
1421
2874
2071
586
1722
626
1330
2729
2845
1020
1471
943
1636
2214
2630
674
1352
1360
1349
2136
859
1698
1689
1719
1059
1158
2684
1466
2159
2639
1982
1523
33
819
800
121
2158
1517
2310
2435
500
2110
1325
1067
195
1870
2514
2470
236
1739
8
2555
179
2603
579
1197
681
1896
1823
2885
476
2418
731
791
2815
2406
899
2146
603
813
2114
1538
2729
2655
207
2630
2813
2371
2739
2431
1264
1909
2979
2945
1779
527
1278
2925
1173
1808
676
92
1323
867
302
2617
1416
2045
135
185
1850
592
2302
2496
987
2614
994
2521
2758
437
981
511
587
1961
2691
607
728
2132
2282
2419
22
2190
970
1162
694
226
1753
2506
1187
676
2978
2368
1072
1260
1827
2167
1057
2893
1385
2648
348
2617
2852
2548
1520
662
2467
2975
1361
1494
1920
2990
2405
581
928
138
2413
1883
1797
919
2453
1057
56
969
1382
2577
692
2954
850
1934
166
2640
713
2332
1142
2546
1517
39
1973
2426
1929
2956
2855
1395
473
1254
1857
201
922
2019
2812
2705
1519
2569
1043
766
455
389
469
817
1699
1013
2530
2137
2677
519
1992
2390
1709
2923
2093
1714
2745
936
1480
1273
2031
170
907
1790
2283
2924
2273
628
1057
2629
2129
2391
2128
2593
514
488
1281
948
902
2055
2212
2848
1780
2458
1707
1612
1772
1126
197
1441
773
933
1311
667
813
172
1595
1672
1756
2890
839
1648
2351
485
1663
1861
2077
1338
1787
1800
1354
2841
2223
2002
2420
89
1949
1475
182
739
1295
101
1757
1603
574
1794
1081
1367
2137
1256
717
1914
807
736
1443
2423
2473
1153
2114
2309
1741
892
2975
2874
1617
2798
728
2610
2947
109
2246
2947
1343
1084
1232
35
2930
447
2106
2556
2764
578
2342
2281
2945
1161
1560
780
2012
79
466
2229
1893
996
2351
2714
2616
1930
1887
2161
584
1349
1041
846
1254
651
179
1733
1905
2917
197
1437
224
2215
2460
294
2357
566
1904
1200
2589
2200
2211
1251
1619
290
671
737
1435
2154
2592
2259
2824
543
855
179
1164
1528
1883
524
2905
906
483
1973
2029
1131
2009
301
299
2406
1400
713
1528
2727
1978
2811
2709
170
457
2886
2326
431
1757
1639
80
177
866
745
668
1906
2951
218
2917
944
2152
1695
2029
2642
387
96
1801
1185
120
548
2292
213
31
2018
2869
2960
1844
698
1120
2185
583
1813
2186
1486
66
2546
2052
2480
439
2101
1865
2342
80
1315
2883
812
1416
915
990
1941
125
860
330
515
1133
2537
833
2472
2823
864
2075
833
1219
319
1887
1475
972
802
2168
1633
1
1192
2988
1959
1587
1022
2318
265
2914
1575
314
2915
1229
508
1331
0
2880
1045
1761
1946
1003
1525
478
689
1166
2739
766
702
2874
2125
2150
696
2341
1894
1029
2763
2292
776
2928
2051
1373
2632
2971
1229
1473
1723
92
1541
2582
2224
413
1648
2319
216
2603
1247
2632
2578
2685
1258
1368
238
1309
810
2031
2433
2706
1874
1088
2585
772
1222
57
1186
1362
288
1739
2483
1105
1936
258
288
1005
943
1613
1225
1147
645
997
40
2364
2775
2469
242
2433
1064
2277
715
622
377
81
2922
751
1469
140
1132
1423
331
2003
1863
2061
631
992
1451
1696
251
291
1627
452
5
1911
1106
2205
1760
1008
708
2549
584
1692
2590
384
2476
2627
1106
2526
1437
1093
1902
2064
686
1688
1210
490
2449
703
1953
2664
1835
75
1654
639
587
97
499
1715
1543
302
1509
639
933
1757
434
1282
557
23
2421
1487
2590
2492
2723
2861
1318
2088
1559
2046
1587
1297
2959
1418
2072
1707
1704
1725
1589
1460
506
405
1457
1811
2299
2071
1621
768
1275
435
641
1407
974
2276
1864
2130
528
1097
916
971
2989
1120
1711
2111
2255
2973
115
546
2676
2820
1025
1608
147
321
806
509
449
979
2886
194
1459
1676
1789
1927
2472
836
1420
1169
179
1773
295
1847
1
148
2401
343
359
248
2260
2081
178
1883
1951
2852
2906
1655
2206
890
366
755
2020
2719
2277
697
2221
689
1914
2886
1289
2253
1825
2436
83
2645
1961
2870
2259
2348
2394
151
610
1656
229
1667
1498
1942
2639
2842
2763
1611
1796
1826
2343
1894
1966
967
1257
569
2321
2153
2044
1230
1183
2585
2732
2540
2301
1509
771
100
1915
1849
1044
2689
298
973
355
676
2970
1408
1184
426
2627
2155
229
2374
2931
204
1221
295
935
2874
251
1341
2303
1352
1116
766
454
828
2586
2069
1254
2144
610
329
2755
2872
454
594
2664
1869
1814
1289
917
2981
1780
214
536
2424
1404
2472
1276
1336
2413
1836
1317
940
613
2688
2493
2004
525
464
1546
2522
742
2379
2592
1030
568
2089
1358
2311
1991
1441
1104
1307
2015
2022
1629
1640
1527
1960
2459
942
2058
2584
229
2669
1455
1895
2150
1
1181
855
1561
970
2677
680
1602
1524
2178
2257
3
321
2019
1613
2756
1763
1195
2021
2506
2793
1684
2112
2277
1857
2485
1964
2059
209
1624
1414
2975
1094
2838
1587
319
674
792
1652
2945
2656
2877
1476
2791
769
210
2075
1240
2726
1402
305
144
1154
2746
1815
2817
516
2493
2607
995
561
2250
1166
1138
901
2791
1174
2682
1902
2794
291
2379
2569
14
2135
284
467
808
2947
455
2528
376
207
2954
233
320
2988
1257
2541
865
1655
1287
2586
1707
2129
1291
1903
1417
1928
1196
1054
301
28
1482
1876
1077
494
2235
423
1632
705
1765
2390
1390
264
2806
1086
2399
1157
1851
1979
1840
557
1305
122
393
1334
2182
2079
2931
2079
1051
45
424
503
2827
185
2854
1268
1393
2124
2977
103
1832
1809
2063
1638
2347
1965
2515
1689
1268
2601
2923
2088
1093
2256
2132
1584
2358
2557
2491
2893
793
7
509
2107
2033
1101
1476
798
804
2416
2971
2346
2463
307
2832
1767
2337
56
2036
1501
1183
2408
769
2076
304
407
884
514
2234
765
1787
2466
1730
1774
1361
1712
448
2850
1327
1574
987
92
1056
105
1911
2269
2203
803
1189
660
1143
1128
1509
341
1960
2070
1177
641
944
2464
758
36
254
1185
1595
2455
1274
1234
706
1160
2866
671
616
2884
1888
1046
1743
2469
1602
2685
2171
51
2786
903
2546
2117
1199
581
1478
1663
2998
816
2902
2927
2908
671
939
2449
21
111
2146
2218
2249
979
2405
1250
2595
978
2687
642
2826
2766
1164
164
476
237
2994
2102
2055
1365
567
794
1051
1427
1190
1893
618
542
2940
1949
2813
688
2253
2490
1116
1908
2914
1130
1541
679
2987
2968
2964
907
1271
2146
1093
1524
961
303
638
1386
2985
1209
878
1647
2645
2088
686
2524
2817
948
1622
1496
1636
2761
1910
427
427
518
1144
2348
1462
1454
1501
1258
837
2707
1720
2843
2566
93
2245
2828
378
2914
1360
207
1333
1042
516
1240
732
1860
2352
649
523
1188
435
2055
1086
1694
192
2943
394
2801
2430
1356
3000
1738
636
1856
141
738
1455
647
2845
2671
479
1540
2499
723
1595
2771
822
581
2200
2502
2030
2612
2276
995
1037
2182
2571
2343
251
1876
381
968
1020
1113
573
1614
1436
1270
2179
1547
2416
1146
2603
2992
1449
538
2946
764
538
1193
1851
1071
626
669
2292
2775
468
574
938
2231
2502
708
1516
2042
2253
1131
844
1409
438
123
1652
2581
688
2287
1793
2733
579
59
1733
597
2938
1346
1229
727
204
1513
2990
1894
1395
2292
701
362
1395
1472
1173
146
1314
1849
2497
2372
2963
2816
417
2083
2305
1514
923
1332
993
1110
458
2241
1189
906
1288
2549
2604
1877
1020
1468
1410
2510
2760
1197
363
941
2995
1704
1132
194
1031
1756
2211
1995
2436
407
2430
2872
1217
2665
2400
2741
582
393
250
2656
1396
1862
289
2004
1206
1783
1570
1411
238
966
244
2341
992
1463
44
2876
303
1995
2117
2072
763
2266
612
1785
2050
1640
1172
1958
1792
1011
1802
1727
768
2870
2287
923
1245
2913
2288
1087
2882
419
983
2996
2990
766
2664
2147
2437
1755
2632
2315
2599
2098
714
827
1310
126
2068
19
1824
617
1989
1455
2954
9
1056
1436
520
689
169
659
996
667
17
1740
149
1357
2581
1551
1334
2013
324
1300
2526
823
1032
132
2201
2180
1329
368
484
462
1024
1446
2934
2466
1229
1015
982
821
847
2529
470
1670
2134
508
587
2039
443
1749
2075
376
36
2701
604
799
2263
1056
1329
2
2626
1447
1901
2977
2198
1299
488
394
1157
1021
1844
1700
126
79
2252
1158
799
408
2284
699
1324
1763
2587
201
2582
2416
140
1228
1307
2274
2048
2052
338
798
2644
936
910
2433
1864
2753
821
477
1546
1141
1727
883
1839
2272
953
1612
2353
1708
1816
954
2811
2326
2492
88
2852
1694
2246
864
1980
1978
861
2559
2454
2076
2780
1989
1384
2305
2493
1998
2726
2437
2245
1810
336
1968
2722
2148
735
1757
113
2364
456
1974
2458
2937
612
1547
1632
1434
133
272
296
2710
2918
2183
1681
1363
1856
883
18
960
1891
1373
73
2144
1178
2986
79
1425
160
1639
216
1345
2588
1089
567
2541
1226
538
1817
2029
2297
2041
2175
1673
2094
714
96
933
2015
1132
17
2297
2605
1292
2838
1574
227
420
760
74
2402
2761
1412
1386
1206
980
1933
1591
801
687
724
2656
2261
869
2149
2210
2090
2994
1136
1461
1570
1571
2107
308
667
1195
2424
2171
1338
1255
1609
2333
1779
897
1325
2755
1563
1127
879
678
1102
2437
1051
1371
0
2276
1226
1168
2084
2997
2310
938
617
323
814
2727
2989
2391
2135
2983
1942
1605
89
1857
772
2634
176
828
2031
2902
1924
668
2100
2088
2592
1079
540
1856
2887
1504
311
160
614
1405
78
678
1293
2776
685
1232
880
774
2753
2569
1218
747
2839
2865
2572
1785
936
2156
2139
2271
699
1375
2128
2946
1712
2088
2553
1115
580
582
509
2943
2446
2671
1580
1021
1289
2102
485
3000
248
800
818
1850
2511
2670
1812
101
2901
450
2483
2724
2649
588
1489
860
1429
467
1611
77
1540
1136
627
45
2761
2320
1270
2305
59
1407
693
764
679
385
8
1193
2310
241
2927
921
2534
1289
1084
2139
480
876
2344
658
1057
145
1017
2265
2169
2973
2271
528
2208
1622
315
1935
674
887
2009
2455
2548
271
2406
615
2668
278
1911
573
954
1508
1997
1470
1462
2858
663
456
1127
550
1273
2060
261
481
1940
2761
734
2876
139
284
1342
1963
2924
1717
807
2049
932
1131
2014
1898
1714
1487
2436
1913
2397
2850
183
1931
313
1105
2400
2541
2205
2644
1739
1398
2873
1255
816
576
644
1835
2507
2526
360
46
2195
1447
1111
645
1151
2934
2847
1224
2263
2205
735
650
1927
1432
685
1703
2985
1666
844
1152
1894
2942
1107
1610
531
1339
2950
2903
726
2219
1356
215
248
76
2024
427
2736
643
703
101
2859
2052
1281
742
765
370
1598
2071
226
1474
2693
705
2457
1125
2478
1909
2598
1319
2593
50
1178
886
1451
2093
682
2989
844
1680
2414
1425
1033
2443
1433
638
678
2948
1352
1266
1237
2009
2842
2430
1421
1923
149
544
546
1675
1744
